r2: 0.22912030276268758
mape: 140.68816900253296
model_path: models/fourier_model_20250228_141032.pth
timestamp: 20250228_144542
